#          "WCT"        "GVT VALUE"           "EVENTS"     "CUMUL EVENTS"
        1.007000        6071.226077              12247              12247
        1.994000       14214.829782              16331              28578
        3.017000       27143.805705              26004              54582
        4.054000       40629.083093              27115              81697
        5.020000       57962.177514              34732             116429
        6.004000       79460.941938              42979             159408
        9.777000      102688.205308              46256             205664
       10.794000      124732.101912              44306             249970
       11.741000      146464.264803              43783             293753
