#          "WCT"        "GVT VALUE"           "EVENTS"     "CUMUL EVENTS"
        1.007000        6071.226077              12192              12192
        1.977000       14214.829782              16300              28492
        3.017000       27143.805705              26046              54538
        4.006000       40629.083093              27067              81605
        5.039000       57962.177514              34560             116165
        6.011000       79460.941938              42641             158806
        9.748000      102688.205308              46185             204991
       10.768000      124732.101912              44263             249254
       11.796000      146464.264803              43496             292750
